32  :   0 0 0 0 0 0 0 0 
33  :   20 20 20 20 0 0 20 0 
34  :   50 50 50 0 0 0 0 0 
35  :   50 50 F8 50 F8 50 50 0 
36  :   20 78 A0 70 28 F0 20 0 
37  :   C0 C8 10 20 40 98 18 0 
38  :   60 90 A0 40 A8 90 68 0 
39  :   60 20 40 0 0 0 0 0 
40  :   10 20 40 40 40 20 10 0 
41  :   40 20 10 10 10 20 40 0 
42  :   0 20 A8 70 A8 20 0 0 
43  :   0 20 20 F8 20 20 0 0 
44  :   0 0 0 0 60 20 40 0 
45  :   0 0 0 F8 0 0 0 0 
46  :   0 0 0 0 0 60 60 0 
47  :   0 8 10 20 40 80 0 0 
48  :   70 88 98 A8 C8 88 70 0 
49  :   20 60 20 20 20 20 70 0 
50  :   70 88 8 10 20 40 F8 0 
51  :   F8 10 20 10 8 88 70 0 
52  :   10 30 50 90 F8 10 10 0 
53  :   F8 80 F0 8 8 88 70 0 
54  :   30 40 80 F0 88 88 70 0 
55  :   F8 8 10 20 40 40 40 0 
56  :   70 88 88 70 88 88 70 0 
57  :   70 88 88 78 8 10 60 0 
58  :   0 60 60 0 60 60 0 0 
59  :   0 60 60 0 60 20 40 0 
60  :   10 20 40 80 40 20 10 0 
61  :   0 0 F8 0 F8 0 0 0 
62  :   40 20 10 8 10 20 40 0 
63  :   70 88 8 10 20 0 20 0 
64  :   70 88 8 68 A8 A8 70 0 
65  :   70 88 88 88 F8 88 88 0 
66  :   F0 88 88 F0 88 88 F0 0 
67  :   70 88 80 80 80 88 70 0 
68  :   E0 90 88 88 88 90 E0 0 
69  :   F8 80 80 F0 80 80 F8 0 
70  :   F8 80 80 F0 80 80 80 0 
71  :   70 88 80 B8 88 88 78 0 
72  :   88 88 88 F8 88 88 88 0 
73  :   70 20 20 20 20 20 70 0 
74  :   38 10 10 10 10 90 60 0 
75  :   88 90 A0 C0 A0 90 88 0 
76  :   80 80 80 80 80 80 F8 0 
77  :   88 D8 A8 A8 88 88 88 0 
78  :   88 88 C8 A8 98 88 88 0 
79  :   70 88 88 88 88 88 70 0 
80  :   F0 88 88 F0 80 80 80 0 
81  :   70 88 88 88 A8 90 68 0 
82  :   F0 88 88 F0 A0 90 88 0 
83  :   78 80 80 70 8 8 F0 0 
84  :   F8 20 20 20 20 20 20 0 
85  :   88 88 88 88 88 88 70 0 
86  :   88 88 88 88 88 50 20 0 
87  :   88 88 88 A8 A8 A8 50 0 
88  :   88 88 50 20 50 88 88 0 
89  :   88 88 88 50 20 20 20 0 
90  :   F8 8 10 20 40 80 F8 0 
91  :   70 40 40 40 40 40 70 0 
92  :   0 80 40 20 10 8 0 0 
93  :   70 10 10 10 10 10 70 0 
94  :   20 50 88 0 0 0 0 0 
95  :   0 0 0 0 0 0 F8 0 
96  :   80 40 20 0 0 0 0 0 
97  :   0 0 70 8 78 88 78 0 
98  :   80 80 B0 C8 88 88 F0 0 
99  :   0 0 70 80 80 88 70 0 
100  :   8 8 68 98 88 88 78 0 
101  :   0 0 70 88 F8 80 70 0 
102  :   30 48 40 E0 40 40 40 0 
103  :   78 88 88 78 8 8 70 0 
104  :   80 80 B0 C8 88 88 88 0 
105  :   20 0 60 20 20 20 70 0 
106  :   10 0 30 10 10 90 60 0 
107  :   80 80 90 A0 C0 A0 90 0 
108  :   60 20 20 20 20 20 70 0 
109  :   0 0 D8 A8 A8 88 88 0 
110  :   0 0 B0 C8 88 88 88 0 
111  :   0 0 70 88 88 88 70 0 
112  :   0 0 F0 88 F0 80 80 0 
113  :   0 0 68 98 78 8 8 0 
114  :   0 0 B0 C8 80 80 80 0 
115  :   0 0 70 80 70 8 F0 0 
116  :   40 40 E0 40 40 48 30 0 
117  :   0 0 88 88 88 98 68 0 
118  :   0 0 88 88 88 50 20 0 
119  :   0 0 88 88 A8 A8 50 0 
120  :   0 0 88 50 20 50 88 0 
121  :   0 0 88 88 78 8 70 0 
122  :   0 0 F8 10 20 40 F8 0 
123  :   10 20 20 40 20 20 10 0 
124  :   20 20 20 20 20 20 20 0 
125  :   40 20 20 10 20 20 40 0 
126  :   40 A8 10 0 0 0 0 0 
127  :   0 0 0 0 0 0 0 0 